1 1
1 4
4 1
1 7
4 4
7 1
1 10
4 7
7 4
10 1
1 13
4 10
7 7
10 4
13 1
1 16
4 13
7 10
10 7
13 4
16 1
1 19
4 16
7 13
10 10
13 7
16 4
19 1
1 22
4 19
7 16
10 13
13 10
16 7
19 4
22 1
1 25
4 22
7 19
10 16
13 13
16 10
19 7
22 4
25 1
1 28
4 25
7 22
10 19
13 16
16 13
19 10
22 7
25 4
28 1
1 31
4 28
7 25
10 22
13 19
16 16
19 13
22 10
25 7
28 4
31 1
1 34
4 31
7 28
10 25
13 22
16 19
19 16
22 13
25 10
28 7
31 4
34 1
1 37
4 34
7 31
10 28
13 25
16 22
19 19
22 16
25 13
28 10
31 7
34 4
37 1
1 40
4 37
7 34
10 31
13 28
16 25
19 22
22 19
25 16
28 13
31 10
34 7
37 4
40 1
1 43
4 40
7 37
10 34
13 31
16 28
19 25
22 22
25 19
28 16
31 13
34 10
37 7
40 4
43 1
1 46
4 43
7 40
10 37
13 34
16 31
19 28
22 25
25 22
28 19
31 16
34 13
37 10
40 7
43 4
46 1
1 49
4 46
7 43
10 40
13 37
16 34
19 31
22 28
25 25
28 22
31 19
34 16
37 13
40 10
43 7
46 4
49 1
1 52
4 49
7 46
10 43
13 40
16 37
19 34
22 31
25 28
28 25
31 22
34 19
37 16
40 13
43 10
46 7
49 4
52 1
1 55
4 52
7 49
10 46
13 43
16 40
19 37
22 34
25 31
28 28
31 25
34 22
37 19
40 16
43 13
46 10
49 7
