100
5103067
1481717
4936439
9999998
13
5388168
9010879
1862603
9309119
9999930
6513281
9999931
983469
140839
11
6
8248729
3
8697851
6463741
1
2360890
3910981
8237213
4751053
3323191
4461641
9299449
3132736
7551991
7783893
1221469
9999996
8763892
9999972
7742461
4170220
1281246
8460583
6735763
9999971
2295773
10000000
390548
7
2
8873129
9325574
9999999
9516811
5001361
4461643
615403
9999991
9999929
3191803
3702389
5331653
3877633
7762723
8184167
8
9971849
6537523
3949061
9999997
559513
6865010
8603593
7203246
1507483
5462959
9999995
5
9999163
9
9987391
1403870
928009
1264969
9999973
3023326
9999162
1144
12
4461642
3410821
86293
3929879
4
9682616
9999161
4572049
10
2610613
6697461
6716541
592432
2196613
4046177
